100 10 48 32 84
6 9 3 5 9 2 4 2 9 3 1 4 2 2 8 3 1 1 2 6 6 2 3 4 3 7 8 9 8 2 9 9 2 8 6 7 8 9 1 4 6 7 2 8 9 8 3 7 6 9 9 1 8 9 8 3 9 7 5 5 3 9 6 1 1 6 9 5 3 9 2 2 6 5 4 6 6 2 3 6 8 2 4 8 9 6 3 4 2 8 4 8 7 4 5 5 6 6 1 1
100
3 1 6
2 1 30
2 1 25
3 0 25
2 1 48
3 0 6
1 0 35
1 0 58
2 1 35
3 1 8
1 1 61
3 0 53
1 1 55
2 1 36
2 0 27
2 0 14
1 0 55
2 0 34
3 1 66
1 0 12
2 0 33
3 1 37
1 1 59
2 0 62
1 1 26
3 1 11
1 1 18
1 1 33
3 0 44
3 1 23
2 1 12
1 0 28
3 0 46
1 0 56
1 0 19
1 1 19
2 0 46
3 1 61
1 0 2
2 1 31
1 1 56
2 1 23
2 0 38
2 0 11
3 0 23
2 0 55
3 0 31
1 0 39
2 1 30
3 1 49
3 0 29
2 0 36
2 1 20
3 0 25
1 0 30
1 1 11
3 1 63
3 1 39
1 0 18
3 1 4
2 0 44
2 1 5
2 0 10
1 1 37
1 0 11
2 0 6
2 1 17
2 0 26
3 1 6
3 0 54
1 1 3
2 1 37
1 1 40
2 1 67
1 1 28
3 1 2
3 1 9
3 1 23
1 1 64
3 1 34
3 0 27
3 0 33
2 1 53
2 0 7
2 0 24
1 0 3
2 0 47
1 0 45
3 1 41
2 1 23
3 0 21
2 0 56
1 1 66
2 0 30
1 0 31
1 1 45
2 0 41
1 1 67
2 1 37
3 1 42
