1000 6 954 858 428
47 56 21 38 49 44 50 32 25 48 34 22 53 42 57 45 34 50 44 34 57 22 25 45 30 41 33 45 31 53 47 38 56 50 32 53 39 27 33 36 36 44 50 26 41 55 36 27 38 24 51 48 30 36 26 51 53 32 29 25 55 44 29 34 33 44 50 30 21 49 52 25 27 40 53 24 53 38 38 28 51 48 38 48 43 26 52 55 29 53 50 47 55 44 56 22 59 30 46 29 22 58 47 53 22 55 28 26 41 45 46 48 58 43 59 46 42 21 27 57 39 36 43 42 40 27 51 43 26 48 23 39 51 45 36 40 56 26 27 41 30 41 52 59 45 45 50 26 23 32 20 55 43 31 36 31 27 47 58 21 58 49 32 20 26 29 51 40 42 51 31 43 37 23 22 38 24 59 40 26 56 48 59 36 52 44 57 40 33 45 28 43 57 32 58 24 46 46 33 45 25 58 26 56 44 55 32 58 44 59 30 57 29 50 55 33 27 31 45 56 55 51 24 58 35 55 56 38 29 24 28 49 39 33 55 43 30 21 33 27 21 25 56 38 27 45 53 42 20 34 49 52 40 59 46 57 51 20 34 22 43 42 26 37 55 46 25 24 25 58 20 32 37 21 42 24 25 57 52 40 51 50 27 49 33 42 25 58 54 22 43 44 41 47 29 30 23 32 30 47 59 31 50 47 51 42 46 59 25 42 32 22 27 52 28 36 24 53 39 32 44 40 22 27 41 41 51 46 33 36 50 54 58 50 39 22 42 44 53 51 26 24 32 52 49 49 50 35 59 20 26 57 39 42 44 38 44 56 35 36 27 32 34 56 33 43 25 38 44 53 36 35 57 42 31 35 43 46 46 46 58 42 26 53 24 56 48 41 30 37 23 54 47 25 55 35 44 51 40 56 37 30 53 50 49 24 43 31 29 51 31 21 28 47 28 35 41 56 30 34 47 39 33 34 41 54 31 40 38 44 58 48 31 55 21 45 46 46 45 54 36 37 49 30 25 24 35 58 54 51 32 45 38 33 51 34 21 51 29 43 30 20 50 25 31 52 37 50 31 52 59 50 42 52 23 45 30 59 46 25 38 21 42 20 52 30 31 58 53 36 32 50 23 35 34 28 46 44 50 59 24 28 50 26 59 55 20 28 37 26 42 53 59 36 24 31 21 43 32 42 21 59 50 52 36 49 35 48 42 36 45 44 21 24 32 20 30 21 56 59 53 38 21 45 30 46 41 58 53 38 36 37 37 24 27 58 50 46 44 30 23 48 28 57 46 35 48 33 31 51 55 52 41 43 52 46 41 45 31 22 59 53 21 24 52 49 29 34 23 35 51 41 58 29 47 39 35 41 31 42 56 26 26 32 43 23 47 52 45 41 48 54 21 34 55 38 21 58 30 21 39 22 20 21 37 22 47 29 48 40 30 41 53 43 26 48 27 24 31 43 56 21 59 23 48 42 47 56 21 30 50 54 24 25 51 27 35 44 33 43 27 45 46 44 23 51 55 24 52 42 33 26 30 53 51 37 50 50 57 44 30 33 48 47 37 27 53 33 30 34 34 33 58 53 47 27 36 21 33 42 45 33 38 34 26 57 50 58 23 29 33 34 46 29 37 49 43 59 40 30 36 31 27 57 20 34 37 21 33 58 55 29 35 50 31 51 44 31 55 45 22 22 43 41 32 23 41 45 43 37 52 29 42 26 36 56 50 50 47 32 44 55 34 26 31 59 21 54 30 24 50 48 56 32 46 32 39 53 44 39 50 38 30 41 23 44 35 26 53 44 31 35 59 42 39 53 27 41 31 41 23 40 52 46 53 21 23 54 54 25 26 32 35 32 37 42 30 50 41 34 39 55 50 58 35 40 20 35 46 50 34 25 43 49 23 21 32 51 51 37 32 23 55 43 56 32 58 46 45 44 25 43 55 41 58 35 47 50 59 20 25 22 37 44 51 21 50 31 27 45 39 54 52 30 33 37 55 30 47 22 50 57 48 22 59 26 26 32 34 25 48 27 57 42 56 42 53 23 52 37 52 40 40 55 34 20 49 23 48 57 40 40 39 23 56 40 26 25 52 26 47 37 47 50 55 25 37 53 30 39 42 50 30 51 33 24 30 57 58 58 32 31 31 32 52 44 33 35 47 20 44 49 22 31 53 21 55 23 36 40 26 36 45 37 25 53 42 32 27 38 41 48 26 52 20 27 24 52 55 27 27 37 48 47 20 53 31 23 25 32 46 25 42 51 43 59 26 51 45 29
5000
2 0 258
3 0 32
3 1 624
1 1 430
1 0 404
1 0 506
1 0 415
2 0 495
1 1 260
1 0 588
3 1 376
3 0 44
2 0 161
2 0 330
1 0 517
3 1 181
1 0 87
2 1 323
1 1 441
2 1 60
3 1 190
3 1 519
1 0 609
1 0 260
2 1 189
2 1 656
2 0 534
3 1 40
1 1 508
1 0 20
3 1 321
2 1 451
3 0 320
2 0 289
2 1 2
1 0 640
1 0 42
2 1 487
2 0 93
1 0 145
1 1 338
2 1 331
3 0 118
1 0 566
2 0 309
2 0 583
3 0 102
3 0 634
3 1 577
3 1 168
1 0 506
1 0 412
1 1 223
1 0 437
3 1 348
2 1 347
3 0 578
1 0 481
2 1 520
1 1 126
2 1 10
2 1 154
3 0 561
3 0 335
3 1 209
3 1 79
1 0 284
1 1 344
1 0 171
3 0 165
3 1 159
2 1 113
3 1 652
2 1 643
3 0 6
2 0 469
2 1 370
3 1 436
2 1 246
3 0 243
3 1 27
3 0 423
3 0 241
1 1 504
1 0 649
1 0 27
3 0 3
3 0 471
2 0 648
3 1 421
2 0 365
3 1 32
3 1 543
3 1 636
2 1 219
2 1 506
1 0 364
3 1 414
1 0 193
1 0 177
2 0 67
1 1 186
3 0 20
2 1 643
1 1 635
1 1 297
1 1 365
3 0 604
1 1 605
1 1 522
2 0 205
3 0 180
2 0 353
1 0 388
2 0 32
3 0 475
1 0 432
2 0 589
2 0 222
3 1 329
1 0 432
2 1 626
3 1 191
2 1 335
3 1 146
2 0 38
3 0 250
3 0 391
3 0 88
1 1 255
3 1 40
3 0 76
2 0 281
2 1 16
2 0 302
2 1 318
1 1 153
3 1 384
3 0 375
2 1 524
3 1 657
3 1 305
1 0 411
1 1 665
1 1 92
2 0 262
1 1 515
1 1 79
2 0 61
1 0 558
3 0 198
3 1 486
1 1 535
3 1 94
2 1 276
1 0 369
1 0 227
2 1 572
3 1 656
1 0 643
1 1 234
2 0 299
2 1 571
1 0 349
3 0 429
1 0 376
3 1 170
1 1 624
3 0 136
3 0 543
1 0 653
2 1 352
2 1 595
3 0 154
2 0 98
1 1 558
3 1 123
1 0 277
3 1 67
3 0 630
3 0 251
1 0 279
1 0 193
1 1 348
1 0 610
2 1 480
1 1 310
2 0 281
1 1 306
3 1 142
3 1 154
2 1 186
1 0 622
2 1 132
3 1 283
1 0 213
2 0 445
3 0 579
2 0 429
2 1 649
2 0 609
1 0 655
1 1 498
3 0 301
1 1 540
3 1 123
1 0 465
3 1 19
2 0 186
3 0 656
3 0 348
2 1 12
1 1 448
3 1 202
3 0 400
1 1 288
3 0 500
3 1 181
1 1 16
2 0 84
3 0 124
1 1 109
2 0 574
2 1 583
3 1 437
3 0 431
3 1 125
1 0 90
1 1 429
1 1 384
3 0 311
3 1 554
3 1 441
2 1 662
3 0 161
1 1 542
1 1 73
3 1 114
3 0 186
3 0 62
1 0 456
2 0 186
3 1 380
2 1 369
2 0 468
1 0 653
2 0 621
3 0 557
2 1 175
3 1 604
3 0 82
2 0 87
1 0 572
3 0 227
2 0 572
2 1 426
2 1 105
3 1 77
2 1 510
1 1 247
1 1 32
3 0 558
1 0 415
3 1 142
3 1 31
3 0 142
1 1 43
3 1 434
2 1 323
1 0 436
1 0 83
3 0 243
3 1 110
2 1 547
3 0 425
1 1 634
1 1 323
3 0 414
3 0 361
2 0 416
1 0 331
3 1 112
1 0 554
2 0 249
2 1 100
1 1 157
2 1 323
1 1 312
1 0 460
1 0 584
2 1 619
3 0 525
1 1 43
3 0 619
3 0 348
2 1 7
3 0 125
3 1 628
3 1 514
2 0 621
1 0 611
2 1 552
1 0 475
3 0 276
3 1 590
2 0 464
1 0 4
2 1 511
3 0 602
1 1 37
3 0 517
3 1 91
1 0 324
2 0 519
1 0 463
3 0 545
3 1 525
2 1 279
3 0 322
1 1 470
2 0 360
2 1 152
1 0 4
1 1 617
1 1 464
1 1 343
3 1 650
3 0 377
3 1 294
2 1 10
3 0 211
1 0 360
2 1 610
1 1 224
1 0 249
2 0 252
1 1 422
3 1 263
3 1 94
2 1 476
2 1 463
2 0 218
3 0 126
1 1 288
3 0 445
3 1 227
3 1 423
3 1 259
2 1 430
3 1 432
2 1 254
2 0 328
2 0 480
3 1 471
2 0 547
1 1 617
1 0 364
2 1 229
2 1 167
2 0 345
3 1 146
1 1 636
2 1 254
1 1 98
1 0 206
2 0 299
1 1 350
1 0 156
3 1 55
3 1 57
3 0 369
2 0 226
3 0 253
2 1 203
3 0 226
1 0 367
3 0 9
3 0 248
2 0 61
3 0 268
3 1 602
2 0 352
2 1 288
2 0 311
1 1 630
2 1 567
3 0 635
3 0 49
1 1 466
3 1 517
1 0 364
1 1 563
2 0 119
3 1 294
2 0 103
1 1 570
3 0 629
2 1 273
2 0 480
2 0 338
2 1 596
1 1 619
1 0 557
1 0 532
1 0 3
1 0 385
1 1 18
3 0 639
3 1 67
3 1 532
1 1 410
2 1 480
3 0 66
3 0 511
2 1 444
3 0 163
3 0 148
1 1 234
3 0 423
1 1 210
1 1 170
1 1 488
2 0 238
3 1 19
2 0 391
2 1 568
1 1 457
1 0 429
1 0 452
3 0 430
2 0 299
1 1 214
3 1 74
3 0 364
1 0 608
3 0 90
3 0 479
1 0 51
3 0 656
3 1 152
2 0 205
2 1 195
3 1 460
3 1 179
2 0 332
3 1 402
1 1 547
3 1 577
1 1 416
2 0 636
3 1 492
3 0 460
1 1 380
1 1 62
3 0 317
2 0 254
1 1 303
3 0 289
1 1 594
3 0 596
3 1 185
3 1 387
1 1 105
1 1 627
1 1 308
1 0 381
1 0 196
1 1 391
1 0 277
2 0 626
3 1 288
3 0 218
2 0 444
2 1 232
2 1 262
3 0 583
2 0 194
1 0 384
3 1 321
3 0 190
2 1 504
3 0 24
3 1 152
3 1 533
2 0 280
1 1 72
1 1 272
3 1 187
1 1 201
1 0 652
3 1 582
3 0 609
3 0 517
3 1 640
1 0 58
3 1 199
3 0 525
2 1 220
3 1 176
3 1 449
2 0 391
3 0 530
1 0 131
2 1 370
3 0 435
2 0 363
1 0 411
1 1 453
1 1 650
3 1 640
2 0 357
1 0 170
1 0 425
1 0 6
3 0 54
2 0 11
3 0 30
3 1 371
3 0 342
3 0 145
1 1 412
3 0 482
2 1 590
1 0 499
1 1 523
2 1 360
1 1 491
2 1 399
3 0 341
1 1 224
3 1 662
3 1 52
3 1 253
2 1 581
1 1 525
2 0 367
2 0 387
2 0 491
3 1 282
3 1 352
2 1 407
2 1 142
3 1 555
2 1 259
2 1 241
1 0 547
1 0 315
2 0 71
1 0 82
1 1 294
3 0 405
2 0 88
2 0 200
1 0 173
2 0 398
2 0 256
3 0 109
2 1 287
1 0 73
2 0 395
3 0 49
3 1 40
2 0 326
2 0 645
3 1 142
1 0 371
1 0 402
3 0 188
1 0 123
3 1 448
1 0 628
2 1 619
1 0 306
3 1 228
1 1 148
1 1 439
1 1 43
1 1 557
1 0 366
1 1 655
3 1 457
1 1 161
3 0 463
2 0 472
3 0 324
3 1 591
3 1 616
1 0 396
2 0 331
1 0 308
1 0 630
3 1 554
2 0 558
1 1 632
1 0 277
3 1 160
2 0 620
1 0 34
1 0 406
3 1 228
1 0 63
2 1 216
2 1 484
3 1 204
3 1 647
3 1 178
2 0 240
3 1 186
3 0 589
1 0 438
2 1 133
2 0 243
1 0 105
3 0 657
1 0 373
2 1 421
2 1 651
1 0 442
3 0 360
2 1 548
3 1 636
3 0 530
2 0 360
2 0 376
3 0 601
3 0 30
3 0 571
2 0 408
2 1 449
3 0 636
1 0 116
2 0 372
2 0 643
2 0 302
2 0 530
3 0 131
1 0 599
3 1 332
3 0 422
2 1 340
3 0 429
2 1 171
2 0 600
2 1 130
3 0 481
1 1 81
2 1 444
2 0 532
2 1 391
1 1 537
1 1 470
3 1 93
2 0 569
1 1 94
2 1 584
3 1 172
1 1 597
2 1 218
3 1 246
3 0 234
1 1 438
1 0 607
2 0 623
1 0 570
1 1 216
3 1 663
2 1 373
3 1 71
3 0 81
1 1 121
3 1 275
3 1 284
3 1 587
3 0 112
3 0 520
3 0 397
3 0 572
3 1 122
3 0 653
3 1 234
1 0 323
2 1 643
2 0 334
3 1 76
2 1 476
2 1 272
3 1 488
2 1 151
3 1 375
3 0 307
3 1 18
3 0 10
1 1 128
2 1 273
2 0 638
1 0 560
2 0 382
1 1 501
3 1 238
3 0 40
2 1 418
1 1 68
3 1 174
3 0 188
1 1 383
1 0 315
1 1 223
3 1 478
3 0 361
3 0 44
1 1 17
1 0 26
1 1 286
3 1 156
2 0 41
2 0 661
3 0 203
1 1 362
2 0 32
2 1 373
2 0 426
1 0 261
1 1 259
2 0 76
1 1 456
1 0 529
2 0 525
2 1 355
3 0 512
2 1 69
3 0 123
1 1 39
3 1 408
2 1 477
3 0 128
1 1 27
3 1 151
2 0 617
2 0 244
2 1 172
2 1 518
2 1 288
1 1 404
1 1 57
3 0 357
2 0 2
3 1 525
2 1 135
1 1 203
2 0 278
3 0 456
1 0 521
3 0 262
2 0 506
3 0 539
3 0 407
2 0 625
1 1 507
1 1 37
1 1 224
1 1 30
3 0 463
1 1 241
3 0 182
3 1 632
2 0 246
3 1 287
1 0 568
3 1 370
2 1 520
1 1 316
1 0 525
1 1 13
1 0 611
3 1 121
3 1 480
1 1 243
1 1 263
2 1 381
1 1 11
2 1 519
3 1 171
3 0 383
2 1 501
1 0 162
2 0 167
2 0 473
2 1 325
2 1 649
3 0 444
2 0 564
3 1 232
2 0 317
2 0 253
1 1 99
2 0 403
1 0 345
2 0 614
3 1 186
2 1 64
2 1 293
2 1 475
2 0 101
1 0 339
3 1 611
1 0 450
1 1 52
2 1 250
1 1 416
1 0 384
2 0 228
1 0 157
2 0 295
2 0 525
2 1 287
1 1 546
1 0 442
1 1 113
1 1 633
3 0 265
3 1 658
2 0 665
2 0 192
3 0 383
1 1 604
2 1 385
1 0 34
3 0 484
1 1 492
1 1 507
1 1 648
1 1 358
2 0 203
3 1 624
1 0 406
1 1 20
2 0 612
2 0 45
3 0 249
2 0 307
3 0 196
3 1 338
2 1 121
3 1 254
1 1 145
2 0 276
1 0 572
3 0 553
2 0 223
1 1 300
2 0 596
3 1 543
1 1 653
3 0 492
3 0 572
2 0 213
1 0 96
2 1 86
3 0 141
2 1 97
3 1 581
2 0 393
3 0 223
3 0 588
2 0 201
3 1 464
2 1 590
3 1 656
2 1 99
3 1 221
3 1 421
1 0 110
3 1 493
3 1 369
2 0 96
2 0 556
3 0 394
3 0 589
2 1 582
2 0 479
1 1 71
2 1 384
1 1 384
1 1 201
1 0 549
2 1 256
1 0 485
1 0 35
3 1 355
3 0 69
3 0 496
3 0 154
1 0 538
1 1 280
3 0 593
2 1 562
3 0 384
1 0 486
2 0 418
2 1 415
3 1 491
3 0 202
3 0 504
1 1 496
3 0 91
2 1 290
3 0 33
3 0 58
3 1 73
2 0 56
2 0 5
3 1 226
2 1 652
1 1 139
3 0 219
2 1 465
1 0 561
2 0 435
3 1 473
1 0 343
1 1 445
1 1 513
3 1 390
3 1 325
1 0 11
1 0 508
2 0 332
2 0 356
3 1 600
1 1 315
3 0 59
1 1 280
3 0 404
3 0 509
2 0 583
3 1 615
3 1 446
2 1 64
2 1 603
1 1 415
1 1 413
2 0 72
1 1 370
3 0 411
2 0 627
1 0 214
1 1 225
2 1 354
3 0 494
1 0 365
2 0 150
3 1 591
2 0 10
2 1 130
2 1 52
3 0 525
1 0 343
3 0 318
2 1 92
1 0 37
1 1 68
2 1 164
2 1 204
2 1 153
1 0 170
2 0 258
2 1 536
3 1 558
2 0 238
3 0 418
2 0 161
2 1 432
3 0 554
2 0 641
3 1 134
1 1 512
1 0 299
3 1 337
3 1 521
1 1 441
2 1 297
2 0 9
1 0 481
1 1 592
2 1 388
2 0 321
3 0 401
3 1 559
2 0 24
2 1 91
3 1 540
3 1 22
3 0 622
3 0 665
1 1 219
2 0 325
1 0 101
2 0 313
3 0 529
2 1 95
2 1 557
1 0 494
3 0 286
2 0 470
2 1 467
1 0 126
1 1 445
1 1 398
2 0 413
1 1 135
1 1 154
1 0 28
1 0 573
2 0 424
3 1 542
2 0 532
1 0 523
3 0 26
3 1 252
1 1 128
2 0 411
3 0 406
3 0 486
1 1 605
3 1 648
1 1 467
2 0 341
1 1 24
1 1 427
2 0 656
3 0 353
1 0 376
1 1 373
2 0 537
2 1 452
1 1 223
3 0 174
2 0 129
3 0 608
2 1 565
3 1 345
3 0 212
2 1 173
3 1 523
1 1 398
3 1 271
3 0 99
1 1 581
3 0 134
1 1 428
2 1 444
2 0 643
1 1 521
3 1 370
2 0 279
3 1 591
2 0 309
3 0 39
1 1 211
2 1 647
3 0 175
1 1 563
3 1 289
1 1 137
1 0 264
3 0 445
1 0 414
3 1 659
1 0 531
3 0 612
3 0 633
3 0 644
2 0 577
1 1 351
2 0 246
1 1 514
3 0 137
3 1 574
2 1 23
1 0 528
3 0 242
2 0 326
1 0 214
3 0 25
3 1 323
1 1 187
2 1 634
3 0 584
1 1 26
2 1 366
3 0 32
2 1 138
3 1 71
3 1 471
3 0 560
1 1 183
2 1 258
1 1 457
3 0 181
2 1 114
1 1 294
2 0 263
2 1 595
1 0 592
1 0 119
2 1 386
2 0 646
3 0 212
3 0 14
3 0 351
1 1 461
1 1 500
3 0 147
1 0 500
3 0 240
3 0 35
2 0 626
2 0 428
3 1 292
2 0 414
1 0 156
1 0 455
2 0 512
2 0 307
1 1 665
2 1 245
2 1 445
3 0 54
1 0 190
1 1 452
1 0 436
3 0 14
2 0 307
2 1 205
1 0 169
2 1 624
3 0 169
2 1 624
1 1 129
1 1 537
1 0 3
3 0 556
1 0 138
2 1 322
3 0 229
1 1 368
1 0 395
2 0 417
1 1 656
1 1 86
2 0 155
1 1 575
1 1 161
1 0 561
2 0 67
2 0 535
1 1 375
2 1 210
3 1 393
1 0 311
3 1 191
1 1 531
2 1 165
3 0 288
1 0 59
2 0 534
1 1 170
1 0 96
1 1 26
2 1 245
1 1 159
3 0 568
1 1 50
2 0 357
3 1 655
3 1 414
2 0 138
3 1 483
2 1 536
1 0 464
3 0 608
2 0 188
3 0 523
1 0 344
1 0 187
3 1 198
1 1 76
1 1 428
1 1 591
3 1 47
3 0 481
2 1 159
1 0 74
2 0 538
2 1 412
2 0 665
3 1 485
2 0 266
3 0 270
1 0 54
2 0 197
2 0 565
1 0 104
3 0 104
2 0 134
2 0 82
3 0 483
3 1 562
1 1 126
3 1 325
2 1 161
2 0 537
2 1 411
3 1 185
3 0 324
1 1 405
1 0 67
1 1 508
3 1 662
2 1 74
3 0 123
3 0 213
3 1 75
2 1 167
1 0 490
1 0 269
3 0 553
3 0 280
3 0 419
2 0 101
3 1 435
3 0 189
1 0 664
2 1 614
1 0 364
3 0 256
1 0 587
1 1 497
2 1 61
1 1 381
3 1 263
2 0 240
2 1 207
3 1 425
3 1 427
3 1 450
1 1 328
2 0 119
2 0 476
3 1 40
2 0 555
2 1 20
2 0 144
3 1 515
1 1 339
3 0 375
2 1 113
2 0 152
2 0 577
3 0 448
3 0 406
1 0 288
2 0 85
1 0 6
2 0 398
3 1 433
1 0 617
2 0 210
1 1 54
1 1 354
2 1 483
1 1 259
3 1 518
3 1 196
2 1 337
3 1 270
2 0 159
1 0 390
2 0 4
2 0 174
3 0 120
2 0 283
1 1 636
3 1 176
3 1 424
1 1 302
3 1 590
2 1 160
2 0 261
1 0 153
2 0 177
2 0 527
3 1 375
2 1 469
3 0 642
2 0 42
1 0 399
1 1 382
3 1 18
3 1 261
2 0 423
1 1 34
3 1 273
3 1 298
2 0 295
1 0 183
2 1 468
2 1 68
1 1 618
1 0 485
1 1 378
2 0 422
2 1 560
3 0 236
2 1 417
1 0 535
1 0 610
1 0 415
1 1 474
1 1 389
2 0 180
1 0 161
2 1 465
2 1 424
2 1 146
2 1 559
3 0 184
3 1 594
2 1 455
1 0 569
3 0 535
1 1 301
3 0 483
3 0 147
2 1 173
2 1 321
2 1 127
3 1 316
3 0 579
3 0 376
1 1 659
3 1 374
1 0 493
3 1 500
3 0 347
1 1 314
2 0 260
2 1 426
3 1 424
1 0 193
2 0 365
2 1 97
1 0 12
1 1 605
2 0 298
2 1 315
1 0 117
1 0 327
1 0 619
2 1 329
3 1 74
3 1 326
2 1 615
3 0 447
1 1 452
2 0 168
1 1 595
3 1 51
3 1 113
1 0 234
1 1 203
1 0 348
2 1 559
1 1 562
3 1 241
1 0 569
2 0 131
2 0 230
2 0 178
3 0 427
2 0 472
1 0 120
2 0 241
3 0 539
3 1 42
2 0 594
1 0 394
1 0 342
1 0 444
3 1 140
2 1 585
2 0 404
3 1 536
2 1 470
2 1 159
2 0 629
1 0 475
3 1 555
2 1 381
3 0 507
2 1 31
2 1 568
1 1 239
2 0 425
2 0 228
1 1 569
2 1 583
3 1 200
1 1 235
1 1 542
3 0 321
1 1 201
1 1 646
1 0 44
1 1 592
3 1 237
1 1 212
3 1 553
3 0 462
3 0 165
1 1 641
2 0 546
2 1 270
3 0 566
1 1 466
1 1 437
2 0 384
2 0 278
1 0 247
3 0 418
3 1 659
3 1 149
1 1 424
2 1 138
1 1 402
1 1 600
2 0 411
2 0 176
3 1 38
3 0 127
1 1 237
1 1 665
2 1 408
3 1 339
2 1 384
2 1 447
3 0 436
3 0 418
3 0 156
1 1 85
1 1 104
2 0 364
3 0 596
2 0 577
1 0 621
3 0 426
2 1 31
1 0 150
1 1 556
3 0 499
2 0 98
2 1 44
1 0 359
1 1 399
2 0 25
3 0 215
3 1 635
2 0 410
2 1 334
1 1 141
2 0 454
2 0 275
3 0 58
3 1 310
1 0 598
3 1 271
2 0 11
3 0 328
3 0 278
3 1 151
3 0 234
2 1 271
3 0 478
2 1 183
3 0 521
2 0 665
3 1 141
2 1 654
2 0 479
2 0 579
2 1 97
2 0 301
2 1 226
1 0 138
2 0 230
1 1 665
3 0 423
2 1 302
2 1 615
3 0 532
2 1 110
1 0 442
3 0 20
3 1 505
2 1 608
1 1 447
1 0 574
1 1 347
1 1 113
1 1 466
3 1 332
1 0 398
1 0 570
2 0 662
1 1 534
3 1 296
1 1 110
3 0 367
3 0 383
1 0 578
2 1 605
3 1 60
2 0 396
2 0 503
2 0 586
3 1 593
2 0 108
2 0 615
1 1 397
2 0 186
1 0 258
2 0 111
1 0 384
2 0 306
3 0 391
1 1 118
3 1 623
2 0 578
3 0 190
3 0 147
2 1 107
1 1 552
1 0 505
2 1 138
3 0 36
2 1 125
3 1 592
3 1 66
1 1 189
2 1 64
2 1 430
1 0 256
1 1 63
2 0 412
3 0 425
2 1 420
2 1 136
3 1 393
3 1 8
2 1 187
1 1 129
3 0 72
2 1 470
2 0 266
3 0 235
2 1 601
1 0 423
2 1 86
3 1 495
2 0 450
2 1 452
2 1 77
1 0 379
3 0 16
1 0 420
3 1 266
2 1 630
1 0 33
3 1 262
2 1 137
2 1 261
2 1 575
2 0 169
2 0 600
1 1 278
1 0 315
3 1 665
1 1 245
2 1 368
2 1 74
1 1 613
1 0 271
1 1 293
2 0 37
3 0 510
3 1 598
2 1 189
3 0 359
1 0 513
3 1 284
2 0 127
1 0 326
2 1 248
3 1 384
3 1 499
2 0 296
2 1 629
2 0 505
2 0 188
1 1 327
3 1 574
1 1 204
2 1 547
3 0 347
3 1 312
1 0 569
1 1 395
3 0 562
3 1 255
2 0 400
3 0 665
1 0 286
3 0 177
3 1 392
1 1 95
2 1 109
3 1 153
1 0 621
1 0 147
2 0 586
3 0 53
1 1 89
2 1 423
1 0 196
2 0 476
3 1 259
1 0 639
1 1 524
3 1 182
2 0 511
1 0 48
3 0 311
2 1 367
2 0 489
3 0 407
2 0 308
3 1 281
1 0 53
1 0 31
3 0 150
1 0 602
1 1 270
2 0 272
2 1 416
2 1 398
1 1 76
2 1 598
3 1 464
1 0 321
3 1 265
1 1 357
2 0 402
2 0 617
3 1 102
3 0 298
1 0 141
3 0 401
3 0 169
3 1 392
3 1 341
2 0 93
3 1 89
1 0 256
2 0 468
2 1 359
1 1 188
2 0 28
1 0 353
2 1 415
3 1 530
3 1 64
1 1 198
2 0 279
2 0 188
3 0 645
1 0 47
2 1 515
3 1 271
3 0 121
2 0 138
3 1 587
2 0 538
2 0 480
3 1 119
3 0 78
1 1 113
2 0 529
2 0 44
2 1 272
3 1 646
1 0 490
2 1 344
1 1 226
1 0 524
2 0 476
2 1 42
3 1 13
3 1 538
3 0 281
3 1 619
1 0 81
1 1 140
1 0 139
1 0 342
1 1 455
3 1 318
2 1 375
2 1 131
3 0 55
1 0 146
3 1 226
2 1 426
3 0 625
2 0 425
1 1 599
2 0 371
2 1 338
1 1 168
2 1 259
3 0 492
2 1 252
2 1 405
3 0 377
3 0 481
2 1 346
2 0 9
3 0 570
1 0 102
3 1 460
1 1 567
2 0 528
2 0 115
1 0 5
3 1 411
2 1 436
3 1 299
1 1 432
2 0 606
2 0 283
1 0 83
1 0 576
3 1 110
3 0 122
3 1 141
3 1 276
3 0 404
2 1 31
3 1 557
1 1 492
3 1 62
3 0 345
1 1 409
3 0 436
2 0 547
1 0 541
2 1 653
3 1 457
1 1 224
3 0 153
2 0 228
2 1 194
2 1 397
2 0 341
2 0 226
1 1 463
3 0 95
1 1 561
2 0 658
2 0 460
1 0 449
3 0 140
3 1 191
3 0 213
3 0 23
3 0 90
3 0 29
3 1 625
2 0 259
1 1 558
3 0 331
1 0 429
2 0 230
3 1 309
1 0 136
2 0 432
3 0 116
3 1 441
1 0 46
1 1 653
3 1 655
1 1 416
3 1 58
1 0 41
1 1 180
1 1 347
3 1 346
2 0 486
2 0 648
2 0 89
2 0 90
2 1 229
1 0 34
3 1 640
2 0 142
1 1 421
3 1 653
1 1 358
2 1 631
1 1 142
3 1 304
2 1 388
2 0 578
1 0 417
3 0 387
3 1 511
2 0 115
2 0 435
3 0 502
3 1 120
2 1 284
2 1 594
1 1 463
1 1 423
1 1 406
3 1 143
3 1 638
1 0 186
2 1 112
3 0 142
1 1 169
2 0 87
2 0 441
2 0 341
3 0 368
1 0 214
3 0 432
3 1 526
1 1 162
3 1 184
1 1 665
3 0 423
2 1 588
2 1 354
3 0 262
3 1 391
2 0 401
3 0 113
1 0 631
2 1 63
2 1 356
2 1 143
1 0 221
3 0 537
2 1 18
1 0 484
1 1 350
1 1 135
3 0 393
2 0 427
2 1 469
1 1 547
2 1 99
1 1 618
2 1 108
1 1 600
3 0 384
2 0 363
1 0 629
2 1 633
2 1 479
2 1 104
2 1 193
3 1 589
3 1 288
1 1 285
1 1 448
1 1 179
1 0 656
2 0 201
3 0 14
3 0 258
3 1 410
3 1 145
3 0 143
3 0 291
2 1 562
3 1 379
1 1 583
3 1 366
1 1 258
2 0 320
3 0 396
3 0 156
3 1 25
3 0 597
1 1 483
1 1 216
1 1 619
1 1 433
2 0 2
2 0 97
2 0 252
3 0 166
3 0 412
1 0 305
2 1 43
2 1 124
3 0 31
3 0 342
1 1 423
1 1 393
1 0 284
2 1 255
2 0 354
1 1 222
1 1 622
3 1 510
3 1 110
1 1 176
1 0 276
3 0 663
3 0 664
2 1 155
3 0 415
1 1 366
3 1 615
2 0 131
2 1 590
1 0 22
2 0 85
3 0 401
2 0 586
3 0 441
2 1 435
1 1 535
1 1 95
1 0 665
2 1 235
3 1 38
1 1 156
2 0 336
3 0 651
1 0 70
1 0 502
3 0 121
3 0 482
2 1 312
3 1 469
1 1 641
1 0 279
1 1 408
1 1 435
1 1 104
3 0 245
3 1 557
1 1 262
2 1 194
2 1 175
3 0 410
3 0 528
1 1 515
3 1 420
3 1 425
3 1 87
2 1 191
2 0 78
2 1 320
1 1 179
1 0 487
3 0 466
1 1 424
3 1 532
2 1 472
2 1 317
3 1 245
3 0 129
2 0 196
3 0 569
2 0 515
3 0 190
2 0 351
2 0 387
1 1 426
1 0 151
1 0 542
1 0 49
3 1 356
2 0 540
1 0 515
3 0 638
2 1 513
2 0 121
2 1 471
1 1 421
2 0 441
2 1 631
3 1 544
2 0 429
2 0 428
2 0 438
1 0 167
1 0 665
1 1 275
2 1 577
1 1 232
1 1 608
3 0 211
3 1 91
1 1 503
1 1 135
1 1 111
2 1 16
2 1 164
1 1 399
1 0 128
2 0 366
3 1 241
3 0 239
1 0 493
2 1 401
2 1 127
1 0 131
1 0 545
2 1 401
2 1 642
2 0 123
1 1 19
2 0 664
3 1 497
1 0 658
2 0 537
3 0 202
1 0 89
3 1 80
3 1 256
1 1 134
1 1 388
1 1 192
1 1 452
2 0 72
3 0 391
3 1 165
2 1 421
1 0 258
1 0 454
2 1 420
3 0 28
2 1 254
1 0 202
1 0 451
1 1 284
3 0 393
3 1 451
3 1 581
1 0 558
3 0 371
3 0 247
2 1 128
1 0 250
2 1 411
2 1 186
3 0 403
3 1 80
3 0 202
1 0 544
3 1 505
3 0 352
3 1 333
2 0 461
2 1 479
3 1 231
3 1 632
1 0 633
3 1 183
3 1 571
3 1 88
2 0 315
1 0 488
2 1 595
3 1 530
1 1 183
3 1 531
3 0 334
2 0 218
2 0 396
3 1 64
2 1 77
1 0 285
1 0 322
1 1 586
1 1 658
3 0 154
3 1 500
2 1 573
3 0 534
2 1 516
1 0 309
3 1 26
3 0 475
3 0 507
3 1 128
3 1 306
2 1 401
3 0 634
3 0 263
2 1 298
3 0 548
3 1 610
2 1 501
3 1 367
1 0 616
2 0 377
1 0 666
2 1 112
3 1 209
3 0 125
1 1 145
2 0 8
1 0 534
1 1 55
3 1 287
1 1 636
2 1 146
2 0 195
2 1 368
3 0 174
3 1 94
1 0 141
1 0 243
2 0 238
2 1 572
1 0 361
1 1 503
1 0 516
3 0 359
1 0 649
1 0 211
3 0 215
2 1 265
3 0 73
3 0 337
2 1 79
2 0 329
1 1 377
3 0 539
3 0 515
2 1 601
1 0 310
1 1 654
1 0 536
2 1 3
2 1 207
1 1 273
2 1 272
3 0 432
1 0 354
1 1 557
2 0 342
3 1 328
2 0 288
3 0 491
2 1 566
1 0 355
1 1 5
3 0 239
1 0 288
1 1 289
3 1 198
3 0 212
3 1 253
1 0 258
2 0 531
3 1 58
3 1 258
3 1 203
1 0 5
1 1 130
3 1 350
2 0 194
2 1 634
1 1 462
1 1 227
1 0 534
1 1 653
3 1 405
1 1 208
1 0 252
3 1 361
1 0 625
2 1 651
1 0 525
2 1 347
3 0 36
3 1 622
2 0 231
2 1 327
1 1 342
2 0 100
3 0 605
3 1 395
1 1 652
3 0 538
3 1 346
2 1 600
2 1 490
1 0 143
2 0 588
3 0 142
2 0 157
3 1 548
1 1 167
3 0 448
2 1 279
2 0 258
1 0 124
1 0 268
2 1 365
3 1 99
3 0 304
3 1 151
1 0 443
3 1 343
1 1 176
3 1 22
3 1 177
3 0 356
2 0 279
2 1 391
1 0 109
1 0 445
2 0 100
3 0 57
2 0 251
2 1 594
3 1 352
1 0 175
2 0 39
2 1 218
1 1 653
1 0 178
1 0 194
3 1 581
2 0 494
1 1 303
1 0 501
1 1 587
3 0 303
1 0 180
1 0 50
1 1 188
1 0 585
1 1 249
3 0 54
3 1 394
1 0 63
1 1 578
3 0 344
2 1 225
2 1 604
3 1 317
1 0 120
1 0 409
3 1 204
3 0 527
2 1 355
3 0 393
3 0 328
3 1 564
3 1 29
3 0 389
2 1 349
2 1 171
3 0 553
1 0 376
2 0 187
1 1 567
1 0 442
2 1 144
1 0 191
1 1 37
1 0 215
1 1 61
3 0 427
3 0 539
1 0 211
2 0 505
3 1 377
3 1 124
1 0 217
1 0 501
2 1 664
1 1 128
1 1 326
3 0 506
3 0 146
2 1 440
2 0 280
3 1 99
2 1 562
2 1 396
2 0 412
3 1 643
1 1 628
1 1 404
2 1 68
1 0 458
3 0 57
1 0 606
3 1 20
2 1 628
3 0 646
2 0 4
1 0 55
3 1 552
3 0 18
1 0 547
2 0 239
2 0 429
1 0 151
2 0 361
3 1 182
2 0 324
2 1 160
2 0 194
3 0 192
2 1 329
2 1 140
1 0 195
2 1 396
2 1 646
2 1 66
3 0 75
2 0 469
1 1 230
1 0 69
2 0 300
3 0 227
3 0 663
2 0 138
2 0 578
1 0 254
1 1 162
3 0 497
3 0 588
2 1 56
3 1 552
2 0 224
2 1 286
2 1 342
3 0 18
1 1 239
3 1 131
3 1 372
3 0 429
3 1 485
1 0 443
2 0 165
3 1 248
2 1 293
3 1 583
1 0 46
3 0 330
1 1 445
3 1 28
3 1 251
2 1 476
2 0 574
1 1 239
2 1 439
1 0 217
1 1 357
1 1 367
3 0 9
2 1 406
2 1 314
3 1 305
1 1 549
3 0 621
2 1 603
3 0 152
2 1 69
2 1 354
1 0 124
1 1 549
1 1 20
1 0 97
2 1 473
2 0 647
3 1 607
3 1 532
3 0 199
3 0 10
2 1 202
3 1 372
2 1 226
3 1 206
3 0 286
2 0 27
1 0 171
3 0 23
1 0 230
2 1 427
3 1 520
2 1 176
2 1 218
2 1 173
3 0 161
3 1 635
1 1 325
3 1 319
3 1 506
2 0 506
1 0 544
1 1 309
3 0 309
1 1 152
1 0 167
1 1 552
3 0 572
3 1 463
3 1 466
1 1 175
3 0 63
2 1 603
2 1 293
1 1 378
1 0 40
2 1 453
2 0 559
1 0 198
2 1 79
1 1 595
1 0 187
1 0 207
1 1 484
3 1 506
2 1 279
2 0 492
3 1 564
2 1 549
1 0 626
1 1 380
3 0 663
1 0 137
2 0 319
2 0 33
2 0 604
2 0 486
1 1 231
1 1 634
3 0 270
1 0 604
2 1 438
1 1 439
1 1 265
3 0 262
3 1 363
1 0 6
1 1 629
3 0 606
3 0 96
2 1 466
2 0 120
1 1 290
3 1 365
1 0 84
3 1 541
3 1 252
1 1 340
2 1 136
2 0 37
1 1 644
1 1 44
3 1 71
3 1 667
3 1 75
3 1 454
2 1 373
2 1 438
2 1 348
2 0 36
3 1 199
1 0 289
3 0 547
3 1 493
3 0 648
3 0 638
2 1 67
3 0 315
3 1 299
2 1 426
1 1 124
1 0 447
3 0 137
3 1 88
2 0 432
2 0 449
1 0 548
1 0 376
1 1 136
2 0 211
3 1 490
1 1 118
3 0 640
3 1 556
1 0 619
3 1 147
2 1 436
1 0 181
3 0 363
3 1 57
3 1 90
2 1 512
2 1 189
3 0 219
2 0 430
2 0 304
3 1 325
1 0 599
1 1 462
1 0 339
3 1 400
1 0 43
3 1 495
2 0 559
2 0 337
1 1 656
3 0 662
3 1 555
3 1 113
2 0 228
3 1 124
2 0 248
1 1 228
3 0 57
1 0 48
2 0 110
2 1 353
1 0 604
2 1 192
3 0 492
2 0 329
2 0 538
1 0 399
1 0 398
3 0 101
1 1 370
3 1 483
3 0 227
1 1 603
2 0 155
3 0 366
2 0 242
3 0 466
3 0 125
1 0 192
1 0 236
1 0 600
3 1 597
3 0 60
2 1 315
2 0 444
2 1 144
1 0 207
1 0 395
2 0 626
2 0 582
3 0 389
1 1 142
1 1 292
2 0 115
3 0 320
2 0 617
3 0 433
1 0 653
2 1 295
2 0 239
2 1 320
1 0 101
2 0 366
3 1 639
3 0 605
1 0 83
3 0 579
3 1 552
2 0 184
2 0 133
3 0 367
2 0 531
1 1 476
2 0 321
1 1 150
2 1 113
1 0 149
3 0 531
3 1 287
3 0 629
1 1 138
1 1 662
3 1 60
1 0 231
2 1 35
2 0 3
2 1 6
2 1 394
2 0 420
3 1 271
1 1 125
1 0 220
3 1 635
3 1 282
3 0 518
3 1 551
3 1 535
3 1 226
3 0 291
3 0 494
1 0 516
3 1 350
2 0 142
2 1 417
1 0 612
3 1 247
1 1 188
1 0 261
1 0 166
2 0 446
3 1 119
2 0 313
2 1 571
1 1 568
3 0 548
3 1 147
2 0 554
2 1 409
2 1 237
1 1 509
1 0 661
3 0 596
1 0 24
3 0 68
2 1 61
1 0 167
1 0 269
3 1 57
1 0 51
2 0 623
2 0 231
2 1 2
2 1 470
2 0 91
3 1 569
1 1 96
2 1 179
1 1 198
1 1 51
2 1 514
1 1 312
3 1 520
2 1 136
2 0 537
2 1 357
1 1 429
2 1 407
1 1 366
2 0 566
3 0 266
1 0 185
1 1 570
1 1 393
2 1 573
3 0 583
3 1 4
3 0 492
2 1 595
3 1 66
3 1 667
3 0 195
1 1 501
1 0 142
2 1 335
1 1 119
1 0 201
3 1 201
2 1 447
1 0 561
3 1 160
1 0 448
2 0 55
2 0 20
1 1 325
1 1 619
1 1 121
1 1 237
3 1 408
3 0 301
3 1 326
1 1 168
1 0 241
3 1 408
3 1 279
2 0 19
3 1 346
3 0 525
2 1 160
3 0 253
1 1 495
2 0 170
3 1 507
1 1 434
2 1 614
3 1 14
2 0 417
2 1 160
1 0 110
1 1 507
2 0 297
3 1 134
3 1 241
1 1 582
2 1 452
2 1 109
3 1 579
3 1 295
3 0 336
3 0 420
2 0 46
2 1 65
1 0 308
2 0 138
3 0 636
1 0 64
2 0 212
2 1 67
2 1 70
1 1 418
2 1 193
2 0 218
2 1 135
1 1 93
1 1 409
2 0 276
2 1 650
2 0 54
1 1 14
1 0 207
1 1 199
2 0 173
3 0 577
3 0 87
3 0 621
1 0 167
2 1 138
2 1 178
1 0 218
1 0 260
3 0 553
2 0 452
1 0 488
3 0 655
1 1 156
2 1 585
2 0 237
1 1 657
3 1 164
2 1 289
1 1 252
1 1 367
2 1 462
3 0 419
1 1 332
3 0 533
1 1 560
2 1 339
1 0 471
3 0 610
3 0 645
2 0 21
3 0 622
2 0 144
3 0 33
1 1 642
1 1 648
2 0 508
2 1 422
2 0 606
2 0 324
3 1 90
1 0 196
3 1 182
3 0 472
1 1 421
2 0 293
1 0 6
2 0 327
1 0 370
2 0 242
1 0 514
2 1 278
2 0 360
1 0 287
1 0 551
2 1 372
1 1 356
1 1 122
3 1 66
1 0 18
3 1 412
2 1 275
3 0 238
3 0 344
1 1 158
1 0 392
2 0 586
3 1 264
3 0 526
2 0 606
1 0 342
2 0 457
2 0 65
3 0 47
2 1 642
2 0 241
1 0 571
1 1 364
2 0 395
2 0 458
2 0 614
2 0 633
1 0 60
1 1 123
2 1 487
1 1 8
3 0 241
1 1 232
1 0 262
3 1 551
2 0 353
1 1 127
1 0 213
3 0 432
1 1 405
2 1 94
2 0 4
3 1 129
3 0 180
2 1 34
2 0 392
3 1 203
2 1 608
3 1 625
2 1 169
1 1 120
1 1 574
1 1 598
2 1 407
3 0 66
3 1 155
3 0 541
2 1 253
2 1 295
2 0 4
3 1 505
2 0 230
1 1 214
2 1 215
1 0 420
1 0 657
2 0 620
3 0 447
1 0 507
1 0 350
1 0 240
1 1 92
3 1 373
1 1 410
3 1 121
1 1 170
3 0 254
3 0 173
1 1 188
1 1 573
2 1 61
3 1 157
1 1 588
1 1 285
2 1 158
1 0 136
3 0 214
1 1 477
3 0 235
1 0 202
1 0 256
1 0 643
3 1 631
2 0 550
1 0 158
3 0 476
3 0 543
1 0 237
1 0 278
3 1 468
2 0 153
3 0 187
1 0 513
2 0 619
1 1 326
2 0 631
2 0 491
1 0 441
1 0 336
2 1 282
2 1 439
2 1 115
1 0 582
2 1 258
3 0 530
3 0 596
3 1 60
1 1 141
2 1 395
1 1 636
2 1 420
1 1 44
2 0 581
1 1 442
2 1 150
2 1 52
3 0 432
2 0 142
2 0 605
2 0 130
2 0 10
3 1 581
3 1 575
2 1 247
1 0 647
2 0 201
1 1 293
2 1 278
3 0 581
3 0 447
1 0 281
3 0 150
3 0 484
1 1 341
2 0 303
2 1 116
1 0 168
2 1 57
2 1 410
1 0 451
1 1 165
1 1 337
2 0 471
2 0 530
1 0 37
1 1 253
1 1 426
1 0 107
2 0 133
2 1 328
2 1 32
1 1 455
2 1 139
1 0 592
3 1 642
3 0 289
3 1 161
2 1 419
3 1 57
3 0 122
2 0 353
3 0 322
1 0 138
1 1 193
2 1 163
3 0 567
3 1 538
3 0 438
2 1 302
1 0 231
1 0 271
2 1 471
2 1 359
2 0 632
3 1 105
1 1 186
1 1 180
2 0 441
3 0 474
1 1 301
3 0 585
2 1 540
2 1 105
3 1 244
2 0 559
3 1 547
3 0 122
3 0 106
3 1 251
2 0 15
2 1 110
2 0 282
2 0 46
3 0 270
1 1 82
2 0 110
3 0 196
2 1 177
3 1 648
1 0 577
3 1 482
1 0 432
1 0 178
3 1 661
2 0 410
3 0 597
3 0 495
1 1 411
2 0 519
3 0 72
1 1 313
1 1 510
1 0 433
2 1 555
1 1 172
2 1 472
3 1 84
2 1 203
2 0 219
3 1 276
1 0 635
2 1 283
1 1 326
2 1 100
3 1 405
2 1 96
1 1 652
2 0 40
2 1 162
3 0 140
1 1 431
2 1 252
2 1 334
2 0 337
1 1 197
1 1 623
3 1 549
3 1 508
2 1 584
2 1 475
1 1 146
2 1 528
1 0 239
1 0 43
2 0 156
2 0 379
1 1 421
1 1 370
1 0 413
2 1 346
2 1 127
2 0 400
1 0 458
3 0 525
2 1 665
2 0 172
3 0 343
3 1 37
2 0 402
1 1 651
1 0 337
1 0 561
2 1 227
2 0 453
3 0 70
2 1 161
2 1 535
1 0 371
1 1 597
3 0 666
1 0 349
1 1 263
1 1 184
1 1 582
1 0 483
3 0 329
3 1 299
2 0 209
2 0 615
3 1 398
1 0 99
1 1 628
2 1 267
1 0 17
2 1 162
2 0 242
2 0 504
2 0 549
1 0 560
3 0 385
2 0 53
2 0 667
1 1 313
2 0 451
2 1 422
1 0 43
2 0 292
3 1 587
3 1 560
2 0 454
2 0 340
1 1 422
3 0 640
2 0 604
1 0 47
3 0 464
1 1 169
3 0 308
2 1 649
2 1 453
2 0 87
2 0 226
1 0 355
3 1 81
3 1 225
2 1 36
1 1 114
1 1 589
3 1 284
3 0 571
1 0 134
3 0 218
2 0 286
1 1 171
1 0 495
2 1 93
2 0 52
1 0 440
2 0 610
2 1 606
1 1 489
1 1 27
2 1 296
3 0 110
1 1 285
1 1 236
2 0 128
3 0 5
3 0 635
2 0 533
3 0 378
2 0 12
3 1 54
1 0 501
3 1 164
3 1 106
3 0 571
2 0 588
3 1 480
2 1 222
3 1 641
3 1 39
1 0 204
1 0 474
1 1 401
1 1 664
2 0 477
2 0 422
2 0 563
2 1 553
1 0 335
1 1 570
2 0 301
2 1 274
2 0 591
3 1 34
2 0 78
1 1 58
3 0 607
1 1 159
1 1 399
3 0 340
1 1 629
1 0 225
2 0 262
2 0 99
2 0 206
1 1 502
1 1 213
1 1 501
3 1 253
2 0 111
1 0 329
2 0 605
3 1 501
3 0 111
2 1 522
2 1 317
1 1 425
3 1 620
3 1 666
2 1 221
3 0 66
2 0 488
2 0 409
1 1 639
1 1 277
3 1 376
1 0 260
3 1 333
2 1 414
2 0 636
1 1 512
2 1 274
2 1 576
2 1 60
2 0 449
3 1 441
2 0 533
2 0 639
3 0 265
3 1 288
1 1 57
3 0 514
2 0 478
3 1 490
1 0 196
3 1 201
3 0 568
2 1 3
1 1 550
1 1 626
2 1 595
2 1 588
3 0 571
2 0 389
3 0 168
3 1 68
1 1 549
2 1 64
3 0 209
1 1 385
2 1 466
3 1 65
2 1 212
2 0 159
1 1 582
1 0 133
1 1 597
3 1 662
1 1 76
3 0 391
3 0 485
1 1 14
3 0 645
1 0 451
3 0 93
2 1 585
1 1 374
1 1 476
1 1 179
3 0 510
1 1 223
1 1 534
1 1 568
2 0 151
3 1 115
1 1 502
3 0 521
2 1 342
2 1 123
3 0 288
2 1 14
3 0 143
2 1 538
3 0 595
2 1 300
3 1 353
1 0 297
1 1 63
3 1 159
3 1 626
1 1 446
3 1 344
2 1 9
2 1 90
2 1 42
2 1 497
1 0 347
3 1 114
2 0 268
1 0 446
1 0 435
2 0 117
2 0 581
1 0 126
1 1 95
2 1 322
2 1 80
3 0 217
2 0 581
3 1 638
3 0 506
2 1 302
3 1 471
2 1 458
2 1 37
2 0 65
2 1 138
1 1 547
3 0 503
2 1 538
1 1 224
1 1 434
2 0 24
1 0 240
1 0 210
2 1 450
1 1 89
2 0 525
3 1 575
1 1 610
1 0 112
1 1 217
2 1 553
2 1 334
3 1 152
1 1 479
3 0 479
2 0 93
2 1 581
2 0 425
1 0 507
3 0 538
3 0 170
2 1 632
3 1 403
1 1 631
1 0 196
1 0 192
2 1 379
3 0 546
2 0 97
2 1 450
3 0 458
2 0 57
3 0 210
2 1 557
3 1 415
2 1 39
3 1 252
3 0 238
3 0 35
1 1 25
3 0 606
2 0 481
2 1 476
1 1 568
2 0 534
1 1 22
3 0 598
3 0 584
3 0 168
2 0 592
2 0 27
2 1 345
3 0 449
3 1 9
3 1 288
2 0 121
1 1 91
3 1 632
2 1 49
3 1 585
2 1 621
3 1 169
2 0 330
3 0 184
2 1 40
2 1 438
2 0 370
2 0 141
1 1 71
3 0 181
1 1 82
2 0 648
3 0 582
2 0 312
1 0 340
2 0 40
1 1 336
3 0 195
2 0 296
3 1 568
2 1 166
1 0 303
3 0 55
2 0 223
3 1 366
2 0 525
1 1 218
2 1 36
3 1 427
3 0 523
2 0 117
2 1 167
1 0 28
2 0 293
1 1 353
3 1 340
1 0 561
2 1 360
2 0 183
1 0 556
3 1 590
1 0 381
3 0 114
1 1 75
1 1 383
1 0 117
2 0 144
2 0 523
2 1 615
3 1 620
3 0 369
3 1 512
1 0 54
3 0 484
1 0 200
2 0 488
1 1 437
2 1 529
2 1 45
2 1 549
1 1 126
2 0 78
1 0 462
2 1 551
2 1 638
1 0 14
1 1 595
1 1 295
3 1 8
1 1 380
1 0 652
2 0 137
2 1 551
2 0 105
2 1 555
3 1 536
2 1 488
2 0 17
2 0 327
2 0 639
2 1 319
3 0 156
1 1 210
2 0 23
3 0 125
3 0 148
1 0 629
1 1 335
3 1 159
2 1 509
3 0 75
2 0 135
2 0 217
3 1 33
2 1 174
3 1 667
1 0 249
1 1 182
2 0 132
2 1 202
1 1 379
3 0 6
2 0 316
3 0 402
3 1 62
3 1 662
2 1 556
2 0 120
3 1 38
2 0 116
2 1 84
1 0 611
2 1 583
3 1 46
1 1 585
3 1 13
3 0 230
2 1 629
3 1 259
3 1 517
2 1 380
3 1 161
3 0 172
1 1 339
3 0 281
1 1 382
1 0 642
2 1 55
3 0 632
2 0 263
2 0 645
3 0 121
1 1 118
2 1 247
3 0 24
3 0 583
1 0 478
1 1 5
2 0 460
3 1 100
2 0 599
1 1 568
1 0 10
3 1 187
1 0 344
2 0 113
2 0 153
3 1 321
3 0 601
1 1 539
3 1 623
1 0 451
1 1 371
2 1 366
2 0 116
3 1 44
3 1 667
2 1 606
1 1 512
3 1 425
3 1 324
3 1 614
2 1 306
3 0 109
2 1 238
3 1 437
1 1 496
2 0 208
1 0 166
3 1 389
3 0 654
1 1 72
3 1 458
2 1 246
2 0 625
2 0 567
2 1 152
2 0 196
2 1 240
3 0 652
1 1 435
1 0 442
2 0 665
2 0 162
1 1 349
2 0 465
2 1 433
3 1 666
2 0 614
2 0 444
1 1 444
3 1 29
2 1 501
3 0 362
1 1 597
1 0 219
1 0 132
2 1 393
3 0 9
2 1 56
2 1 435
3 1 434
2 0 505
3 1 476
1 1 430
1 0 636
1 1 99
2 0 42
1 1 514
1 1 15
2 0 580
2 1 500
2 0 86
1 0 147
3 0 210
1 0 68
2 0 325
2 1 326
1 0 546
2 1 504
3 1 456
2 1 317
3 1 15
2 1 128
2 1 237
3 0 218
3 0 215
3 1 389
3 1 597
1 0 173
2 0 530
2 0 54
3 1 302
1 1 404
1 1 290
3 1 616
1 1 95
2 0 23
2 0 613
3 1 112
2 0 542
2 1 456
1 1 617
2 1 503
3 1 444
1 1 314
2 0 382
3 1 503
1 1 519
2 1 221
1 0 191
2 1 393
3 0 45
2 0 551
3 1 259
3 0 629
3 0 628
1 0 491
2 0 25
1 1 590
2 0 300
3 0 307
3 0 399
2 1 115
2 1 108
1 0 480
2 0 30
1 0 448
2 0 227
2 1 558
3 0 61
1 0 230
3 0 568
2 1 525
1 0 165
2 0 286
1 0 96
2 0 86
1 0 294
2 1 99
3 0 535
3 1 177
1 0 444
2 0 511
3 1 374
1 1 254
3 1 294
3 0 115
2 1 431
1 0 98
2 1 65
2 0 433
2 0 525
1 0 311
2 1 534
3 1 65
3 1 389
3 0 63
3 1 309
2 0 554
2 0 178
1 1 361
1 0 648
2 0 650
3 0 50
2 1 126
2 1 414
2 0 194
1 1 660
1 0 402
2 1 52
3 0 434
3 0 44
2 0 515
1 0 331
3 1 424
3 0 7
2 0 236
1 1 250
1 1 415
3 1 81
1 0 501
1 0 577
3 0 102
2 1 99
3 1 52
1 1 505
1 0 157
3 0 180
2 1 573
1 0 54
3 1 499
3 1 102
3 1 376
3 1 117
1 0 329
2 0 181
3 0 39
2 1 500
1 1 254
3 1 394
2 0 446
3 1 499
3 0 403
2 1 402
3 1 343
2 0 163
1 0 452
3 0 83
1 0 566
1 1 262
3 1 406
2 1 313
2 0 654
2 0 581
1 0 543
1 1 251
1 0 135
3 0 13
1 1 184
3 1 123
1 0 457
1 0 53
3 1 290
1 1 323
3 0 517
3 1 661
1 0 206
2 1 544
1 1 132
2 1 596
1 0 456
2 0 212
1 1 40
2 0 304
3 0 623
2 1 163
3 0 654
3 1 523
3 0 619
1 1 594
1 0 504
3 1 170
2 1 169
3 0 301
1 0 311
2 1 7
1 1 464
3 1 357
3 0 613
1 1 28
1 0 618
3 1 564
3 1 455
1 0 284
1 0 545
1 1 545
3 1 52
2 1 344
3 1 466
3 0 584
2 1 464
1 1 590
2 1 388
1 1 212
3 1 397
2 0 547
2 0 131
2 1 77
1 1 326
2 0 51
2 1 624
2 1 334
2 1 25
2 0 150
2 0 69
3 0 461
1 0 261
2 1 175
2 1 197
3 1 609
3 0 97
2 1 80
3 1 632
3 1 345
3 1 532
3 0 98
3 0 434
3 1 219
1 1 654
2 0 571
2 0 134
1 0 125
3 0 522
3 0 222
2 1 152
2 1 576
1 1 312
2 0 55
2 0 606
1 1 123
1 1 384
2 0 157
1 1 407
3 1 592
1 1 433
1 1 188
1 1 647
3 0 451
3 0 15
3 1 104
3 0 243
1 1 487
1 0 126
1 1 460
3 0 396
3 1 657
3 0 4
2 1 229
1 1 394
3 0 164
1 1 332
1 1 74
2 0 510
1 1 166
1 1 555
3 0 627
3 1 167
1 0 347
2 0 579
2 1 399
3 1 148
1 1 611
1 0 556
3 0 255
2 1 30
3 1 599
1 1 8
2 0 268
1 1 459
1 0 486
2 0 451
2 0 629
1 0 7
2 0 583
2 1 501
2 1 412
3 1 500
1 0 595
3 1 411
3 0 162
3 0 458
1 0 165
2 1 585
3 0 574
2 0 170
3 0 78
1 1 535
2 1 300
3 0 572
1 0 566
3 1 533
1 1 166
1 1 102
3 0 266
3 1 253
3 0 615
2 0 413
3 1 510
1 0 412
2 0 36
3 0 622
1 0 77
1 0 118
2 0 190
3 1 647
1 1 218
1 0 415
3 0 639
3 1 440
1 1 581
1 1 467
1 1 255
3 1 577
3 0 621
2 0 579
3 0 443
3 1 310
1 1 285
2 0 293
1 0 536
3 1 379
2 0 318
1 0 524
1 1 49
3 0 622
1 1 210
2 1 553
3 1 426
1 0 121
1 1 304
1 1 654
1 1 649
3 1 466
1 0 451
2 1 646
1 0 494
1 1 230
2 1 532
2 1 362
2 0 81
2 0 616
3 1 167
3 1 416
3 1 468
2 1 13
3 0 588
3 1 467
1 0 216
1 0 308
3 0 271
2 1 194
1 1 580
3 0 640
3 0 428
1 1 548
1 0 18
3 0 183
3 1 620
3 1 153
3 1 134
1 1 86
3 1 71
1 0 544
1 1 536
3 0 495
3 1 107
3 0 260
3 1 374
2 1 142
3 0 273
1 0 268
1 0 150
3 0 589
3 0 327
1 1 54
3 1 131
3 0 268
3 1 272
2 1 277
2 0 11
1 1 54
1 0 152
2 0 639
3 1 607
3 0 412
2 0 607
3 0 474
2 1 318
1 1 503
2 0 279
2 0 69
3 1 27
1 0 652
2 1 320
1 0 28
2 0 418
1 0 18
1 1 370
2 0 159
1 1 253
2 0 456
1 1 336
3 0 406
2 1 354
3 0 72
1 1 274
1 0 194
2 1 542
1 0 256
2 0 549
3 0 522
3 0 651
3 0 178
3 0 386
2 1 535
1 0 27
2 1 34
2 0 7
2 0 154
3 1 15
2 0 169
2 1 412
1 1 462
3 0 17
2 0 5
3 0 292
1 1 403
1 0 635
1 0 506
2 1 500
2 0 314
2 0 296
2 0 30
2 0 560
1 0 339
3 1 419
1 1 517
1 1 636
1 1 648
3 1 239
1 0 553
1 1 245
3 1 390
1 0 580
3 0 435
2 1 581
1 1 3
3 1 54
2 1 650
3 1 69
1 1 527
1 0 221
2 0 92
1 0 352
1 1 281
3 1 571
3 1 71
3 1 22
3 1 538
2 1 92
2 1 9
2 1 47
1 0 552
2 0 654
2 1 620
3 1 274
3 0 635
3 1 568
3 1 408
1 1 145
2 0 284
1 0 256
1 1 352
1 1 660
2 1 192
3 1 647
1 1 126
2 0 131
2 1 165
2 0 286
3 1 259
3 0 312
3 0 384
2 1 147
3 1 586
3 1 78
2 1 68
2 1 648
2 1 276
3 0 262
1 0 548
2 0 172
3 1 487
2 1 592
2 0 261
1 1 81
2 0 665
2 1 547
3 1 52
2 0 539
3 1 565
2 1 20
2 0 298
1 0 151
1 1 643
3 1 655
3 0 328
3 0 584
1 1 514
3 1 148
1 1 342
2 0 341
1 1 429
1 1 483
3 0 522
3 0 587
1 0 560
3 1 47
2 0 229
1 1 292
3 0 127
3 0 359
3 1 329
1 1 600
3 1 634
1 1 103
3 0 599
1 0 258
1 1 583
2 1 530
2 1 605
2 0 451
2 1 250
1 1 193
3 1 286
3 1 352
3 0 607
2 1 526
1 1 434
3 1 279
2 0 472
1 1 242
2 0 345
3 1 261
1 1 476
2 1 529
3 1 353
1 0 552
3 0 137
3 0 490
3 1 29
1 1 521
2 1 402
3 1 12
2 1 361
1 1 593
3 0 11
3 0 583
3 0 514
2 1 234
3 0 45
2 0 521
2 0 135
3 1 547
3 0 67
2 1 114
2 1 516
3 0 589
3 0 469
3 1 187
2 1 652
1 1 70
1 1 276
3 1 195
3 0 248
3 1 376
2 0 521
3 0 267
1 0 101
3 0 330
1 1 451
2 0 547
2 1 591
2 1 667
2 0 604
1 0 325
3 1 216
2 1 25
3 0 5
3 0 185
2 1 588
1 1 271
1 0 636
3 1 190
1 0 22
2 0 184
2 1 289
3 0 389
2 0 185
2 0 222
1 0 144
2 0 169
1 0 323
3 0 431
1 0 384
1 0 203
1 0 364
2 1 588
3 0 330
2 1 422
3 0 609
1 1 450
1 1 118
3 1 375
3 0 636
1 1 39
2 0 361
2 1 470
1 1 382
2 0 84
2 0 376
2 1 146
1 1 423
2 1 275
3 0 456
2 1 74
3 1 360
1 1 310
2 1 246
3 1 53
3 0 68
2 0 2
2 0 19
2 1 380
3 0 478
2 0 600
2 1 363
1 1 422
3 1 304
3 0 530
1 1 141
2 0 497
1 1 211
2 0 613
1 1 188
2 1 277
3 1 306
2 1 232
3 1 275
2 1 498
2 0 284
3 1 58
3 0 226
1 0 355
1 0 507
1 1 400
2 1 258
1 1 557
1 1 562
2 0 82
2 0 478
2 1 119
3 1 357
3 1 152
2 0 248
3 0 29
1 0 649
1 1 257
1 0 205
3 1 580
1 1 642
2 0 496
2 0 130
2 1 371
1 0 321
2 1 239
2 1 420
1 1 136
3 1 78
2 1 320
3 0 597
2 0 144
1 1 497
1 1 547
2 1 525
3 1 239
1 0 645
3 1 190
3 0 85
3 1 638
3 0 212
3 1 421
2 1 263
3 0 186
3 0 481
3 0 172
1 1 153
1 0 473
2 1 24
2 0 218
3 0 469
3 0 346
1 0 504
1 1 464
3 0 471
1 1 433
3 1 202
1 1 371
2 1 651
3 1 304
1 0 181
1 0 480
3 1 144
1 1 400
2 0 657
3 1 547
3 0 199
2 0 324
1 1 641
1 1 264
3 0 129
2 0 272
1 0 104
3 0 95
2 0 478
2 0 459
3 0 231
3 1 661
3 0 566
3 0 615
2 1 456
3 0 159
1 0 54
1 1 484
2 0 11
2 0 271
2 1 189
3 0 21
1 1 336
3 0 520
3 0 150
2 1 592
1 1 578
1 1 195
2 1 566
3 1 204
1 1 196
1 1 518
3 1 549
3 1 602
3 0 12
1 1 50
1 0 664
1 0 437
1 1 664
1 1 469
1 0 505
3 0 213
3 1 123
1 0 532
1 0 237
3 0 256
1 0 380
3 0 188
2 1 214
3 1 442
2 1 241
3 0 128
1 0 6
1 0 531
2 0 506
2 1 95
1 1 616
3 0 589
2 0 11
1 1 532
3 1 489
1 0 361
3 0 378
2 1 110
2 1 592
1 1 261
2 0 438
2 0 494
1 1 292
3 1 185
2 1 567
2 1 186
1 1 536
1 0 106
2 0 324
3 1 21
1 0 24
1 1 646
3 1 511
1 0 15
1 1 381
2 1 503
2 0 285
1 1 573
1 1 539
3 1 281
3 1 300
1 1 571
1 0 257
2 1 404
2 0 403
3 0 391
1 1 484
2 0 607
3 1 180
3 0 543
2 1 569
2 0 362
1 0 108
2 1 514
3 0 650
2 0 426
3 0 87
3 0 573
2 0 208
1 0 604
2 0 414
1 1 83
2 0 455
2 0 138
3 0 549
2 1 161
2 0 434
2 1 7
3 0 593
2 0 139
3 0 332
3 1 651
3 1 419
3 1 532
3 1 667
2 0 638
2 0 365
3 1 602
1 1 74
2 1 591
3 1 65
1 0 634
3 1 115
3 1 472
1 1 249
2 0 190
2 0 390
2 0 270
2 1 375
3 0 34
3 0 302
2 0 100
1 0 643
2 1 78
1 0 60
2 0 608
3 0 197
2 1 93
2 0 537
2 0 26
1 0 52
2 1 84
2 0 214
2 1 527
1 1 118
2 1 623
1 1 619
1 1 245
3 1 284
3 1 645
1 0 240
3 0 35
2 0 659
1 0 297
3 1 274
2 0 199
3 1 117
3 1 54
2 1 58
1 0 541
2 0 616
1 0 544
3 0 387
1 0 189
2 0 427
2 1 657
3 0 361
3 0 284
2 0 531
1 1 295
2 0 195
1 1 661
3 0 297
1 1 28
1 0 48
1 0 377
1 1 600
2 0 504
1 1 134
1 1 302
3 0 429
1 0 614
2 1 267
3 1 539
3 1 266
1 1 525
2 1 233
3 0 183
3 1 572
3 0 555
1 0 250
3 0 410
1 1 544
3 1 95
1 1 261
2 1 605
3 0 613
1 1 556
1 1 382
3 0 462
3 1 65
3 0 174
1 1 67
3 1 489
3 0 625
2 0 225
1 1 50
1 0 43
2 0 78
3 0 287
2 0 141
3 0 612
3 0 236
2 0 139
2 0 593
1 1 289
3 1 362
3 0 382
2 1 48
1 1 529
3 1 49
2 1 204
1 1 468
2 0 127
1 1 455
2 0 15
3 0 172
3 0 282
1 0 294
2 1 53
1 1 599
3 1 419
1 0 390
3 0 84
2 0 424
1 0 188
2 1 522
3 1 69
1 0 427
1 1 52
2 1 576
2 1 374
1 0 221
2 1 597
3 1 25
2 0 333
2 1 597
2 1 282
3 0 237
2 0 152
2 1 133
1 1 591
2 0 384
2 1 168
1 0 335
3 1 85
3 0 621
1 0 357
3 1 212
2 0 612
2 1 642
2 0 340
2 1 426
1 0 319
2 0 605
2 0 21
1 0 393
1 1 485
1 0 504
3 0 224
1 0 134
3 1 658
2 0 165
3 1 408
1 1 98
2 1 284
2 0 425
2 1 94
2 0 304
3 1 102
3 1 543
2 1 647
2 1 263
1 1 443
1 0 423
1 0 602
2 0 626
2 0 224
1 1 357
3 0 226
3 0 486
2 0 154
1 1 325
2 1 322
3 1 328
1 0 542
1 0 369
3 1 245
1 0 99
2 1 489
1 1 108
2 1 402
3 1 9
1 0 493
3 0 634
2 0 239
3 0 306
2 1 143
1 1 40
3 0 26
1 0 195
3 0 70
1 0 280
1 0 9
1 1 298
2 0 513
1 0 160
2 0 540
2 1 174
3 1 546
3 1 93
2 0 341
2 1 254
2 0 632
3 1 307
2 0 658
1 1 341
3 1 375
1 0 458
1 0 613
3 1 110
2 1 105
3 0 617
2 1 118
1 0 184
2 1 394
2 1 642
1 1 520
3 1 579
3 1 575
2 1 407
2 1 137
2 1 559
3 1 270
3 1 399
3 0 84
1 0 575
3 1 212
1 0 255
1 1 39
2 1 44
1 0 176
3 1 560
3 1 37
2 0 168
3 1 355
2 0 63
3 0 231
1 1 409
2 1 440
2 0 245
3 1 590
1 0 301
1 1 316
3 1 76
3 1 294
3 0 443
3 0 139
1 0 246
2 1 543
1 0 579
3 0 655
3 0 300
1 0 474
2 0 527
3 1 663
3 1 601
2 0 558
2 0 663
3 1 240
2 1 425
2 1 395
1 1 483
2 0 440
3 1 163
2 1 16
3 1 555
2 0 388
2 0 325
2 0 149
2 0 609
3 0 106
1 1 616
3 1 94
3 1 87
3 1 393
1 0 426
3 1 7
2 0 397
1 0 635
3 0 71
1 1 322
1 1 5
2 0 536
2 1 461
2 0 597
1 0 328
1 1 321
3 0 66
3 1 620
1 0 362
1 0 180
2 1 167
1 1 352
1 1 618
3 1 491
1 0 646
1 0 108
3 0 212
3 0 298
1 1 594
1 1 617
2 0 553
1 0 278
3 1 104
3 1 195
2 1 210
3 0 600
2 1 279
2 0 85
1 0 429
1 0 94
3 1 467
3 1 363
1 1 365
2 0 629
2 1 617
3 1 474
2 1 200
3 1 625
3 0 230
2 1 245
1 1 408
1 0 566
1 1 663
3 1 473
1 0 394
1 1 503
2 1 373
1 1 593
3 1 453
2 0 38
3 1 649
1 1 460
2 0 67
2 1 63
2 1 156
2 0 538
1 0 632
1 0 645
2 1 603
2 1 146
2 1 201
1 0 446
1 0 523
1 1 387
1 1 645
2 0 175
2 1 403
1 0 162
1 1 552
1 1 35
2 1 69
2 1 473
3 1 295
3 0 175
2 0 483
1 1 431
2 1 405
1 0 68
1 1 88
3 1 46
1 1 121
1 0 623
3 1 567
2 0 275
2 0 426
3 0 166
1 0 621
2 1 587
3 1 178
1 1 90
3 1 496
1 1 580
1 0 615
2 1 640
1 1 304
1 1 44
3 0 187
3 1 630
2 1 36
2 0 623
3 1 294
3 1 645
1 1 57
3 1 635
3 0 124
1 0 587
2 0 410
3 1 10
2 1 511
2 1 313
1 1 372
3 0 593
1 0 375
1 1 212
1 1 110
1 0 455
1 0 103
2 0 92
1 1 8
3 0 660
1 0 544
2 0 577
1 0 531
3 1 105
1 0 158
3 0 607
1 1 630
3 1 85
1 1 202
3 1 300
2 0 283
3 1 434
3 1 120
3 1 315
3 1 54
1 0 177
3 0 365
3 1 597
3 1 547
2 0 459
2 1 599
1 0 516
1 1 301
3 1 496
1 0 645
2 1 303
1 0 601
2 0 591
1 0 337
3 1 387
1 1 190
2 1 472
3 0 452
1 0 665
2 0 230
3 0 232
3 1 182
2 0 553
1 0 116
2 1 55
1 1 623
3 0 580
3 0 8
3 0 275
1 0 313
1 1 285
1 1 509
1 0 174
2 1 85
3 0 482
2 0 422
1 0 157
2 1 40
2 0 167
2 1 346
1 1 366
2 1 602
1 1 513
2 0 126
1 0 66
2 0 611
3 1 249
1 0 475
2 0 594
3 0 9
2 1 97
3 1 71
1 0 417
1 0 393
1 1 203
1 0 452
3 1 597
1 1 200
1 0 193
2 0 601
3 1 380
2 0 25
3 0 355
3 0 305
3 0 54
2 1 29
3 1 337
3 0 3
3 1 168
1 1 372
1 1 326
2 1 588
1 1 64
3 1 497
1 0 197
2 1 352
3 1 354
3 1 145
2 1 452
3 0 118
1 0 413
1 1 352
2 0 68
1 1 187
3 1 234
2 1 36
1 1 367
3 1 25
2 1 329
3 1 172
1 0 432
3 0 240
1 1 177
1 0 234
2 0 131
3 0 321
1 1 30
2 1 423
3 1 270
3 0 566
1 0 647
1 1 379
3 1 41
2 0 553
3 0 489
2 0 91
3 0 465
1 0 17
2 0 560
1 1 230
2 0 433
3 0 622
1 0 295
2 1 250
3 1 187
1 1 358
1 1 244
1 1 63
2 1 429
1 0 647
1 1 570
3 0 249
1 0 357
3 0 395
2 0 352
2 0 39
3 1 151
3 0 644
2 1 15
1 0 181
1 1 230
3 1 595
1 0 202
1 1 123
3 0 268
3 0 62
1 1 371
1 1 553
2 1 150
3 1 2
2 1 301
3 0 447
2 1 154
1 1 598
