500 50 494 86 42
17 22 26 15 14 27 14 10 17 26 18 10 17 25 29 13 29 13 24 13 19 19 13 21 12 25 14 19 26 26 18 16 21 10 22 14 10 10 24 24 25 23 12 13 10 19 26 15 24 10 23 12 25 28 27 24 27 11 19 23 21 29 14 20 25 12 10 15 24 21 12 21 26 13 14 12 27 23 26 18 21 19 22 29 25 27 11 18 21 24 26 12 27 28 27 21 21 18 15 15 10 23 25 10 10 29 26 24 12 23 25 12 26 13 28 27 23 18 11 10 29 26 13 23 18 27 16 16 20 20 26 11 10 11 15 28 18 26 13 21 17 11 15 11 24 13 12 29 27 24 11 29 26 29 17 29 19 16 20 12 20 25 26 29 20 19 20 29 28 16 28 10 12 21 11 23 23 21 14 29 19 25 14 29 19 18 27 27 10 27 28 22 22 10 17 27 12 29 24 25 26 21 26 16 17 20 10 12 18 28 15 11 19 13 18 24 23 22 28 15 13 25 19 23 23 12 24 17 23 24 13 21 10 26 12 23 14 15 11 18 28 15 16 23 10 26 15 18 28 13 20 25 11 28 18 22 18 25 20 22 27 16 18 27 29 29 16 11 24 28 10 19 19 16 24 13 27 18 18 26 16 24 13 14 12 13 22 21 13 24 13 10 14 20 11 14 15 13 14 11 19 17 15 18 25 15 16 29 18 29 29 14 14 11 19 24 28 25 13 14 15 29 14 25 27 21 17 19 27 23 21 14 10 19 16 10 15 17 27 10 15 15 10 20 13 29 28 20 25 26 20 18 25 14 28 18 15 29 10 13 18 24 28 24 10 14 26 16 28 14 24 21 29 15 21 18 26 17 15 12 14 22 10 20 16 27 24 25 21 28 21 14 29 15 16 27 25 25 18 16 26 12 25 29 25 24 29 27 15 17 16 16 18 17 21 14 19 11 23 25 24 27 22 16 17 18 22 26 12 20 14 11 15 23 12 19 19 12 25 23 19 12 22 17 24 26 18 27 22 12 14 28 13 22 21 29 14 13 10 28 19 28 26 19 20 13 18 20 11 19 11 21 23 22 11 20 14 19 28 26 15 12 29 22 10 11 18 21 11 13 16 22 27 16 24 22 14 27 21 18
1000
2 0 77
2 0 232
2 1 10
2 1 314
3 0 332
3 1 314
3 1 192
3 0 236
2 1 163
1 1 65
3 1 313
3 0 174
2 0 262
3 0 79
3 1 305
1 0 203
1 0 61
1 0 108
1 1 84
2 0 75
2 1 281
1 0 94
2 1 213
1 1 96
3 1 292
1 1 277
2 0 104
3 0 179
1 1 120
1 1 250
2 0 135
2 0 131
1 0 163
1 1 142
2 1 35
1 1 202
3 0 125
2 1 65
3 1 268
3 0 43
3 1 254
1 0 287
2 1 118
3 1 126
1 0 144
1 0 98
3 0 141
2 0 212
1 1 283
3 1 152
2 1 66
2 1 123
3 0 219
1 1 243
3 1 235
3 1 320
3 1 98
2 0 59
3 0 8
2 0 234
3 0 218
3 0 141
2 1 92
2 1 259
1 0 160
3 1 287
2 1 253
1 0 75
1 1 126
3 1 217
2 1 45
1 1 169
2 0 77
1 1 3
1 0 236
2 0 202
3 0 260
1 1 305
3 0 287
2 0 237
1 1 165
2 0 32
3 0 113
2 1 227
2 0 326
2 0 275
3 1 86
3 0 301
3 0 249
2 0 123
2 1 248
1 0 21
2 0 64
3 0 110
3 0 277
3 0 192
3 0 39
3 0 301
1 0 235
3 1 59
3 1 69
2 0 21
2 1 295
3 1 18
2 1 161
2 1 43
3 1 109
1 1 75
1 1 242
3 0 60
3 1 247
2 1 245
2 0 8
2 0 214
3 0 33
2 0 288
2 0 274
1 0 30
3 0 287
2 0 232
1 0 25
1 0 313
1 1 277
1 1 185
1 1 44
1 0 271
2 1 143
3 0 161
3 0 22
2 1 81
3 0 21
2 1 12
2 1 46
2 0 217
1 1 245
3 1 263
1 0 240
1 0 8
3 1 40
1 0 253
2 1 214
3 0 313
2 0 180
1 1 2
1 1 234
3 1 27
2 1 188
3 0 177
2 0 73
2 1 176
1 1 233
1 1 41
2 0 55
2 1 38
1 0 28
1 1 51
2 1 132
1 0 321
2 1 164
1 1 89
2 0 180
1 1 185
3 1 19
3 1 188
3 0 299
2 0 131
2 0 191
1 1 154
2 0 226
1 1 28
2 0 319
2 0 221
2 0 188
2 0 10
3 1 214
3 1 84
3 0 45
3 0 243
2 1 47
1 1 21
3 0 317
3 1 148
2 1 80
3 1 43
1 0 68
1 0 233
3 0 214
3 0 244
1 0 330
1 1 241
1 1 50
2 0 79
1 1 164
3 1 92
3 1 33
2 0 287
2 1 92
1 0 91
1 1 37
2 1 205
3 1 275
1 0 168
2 0 319
1 0 119
3 1 301
1 0 308
3 0 227
1 1 81
1 0 308
1 1 174
2 0 176
2 0 189
2 0 305
2 0 51
1 0 293
1 0 270
1 1 7
3 1 188
1 0 11
1 1 44
1 1 240
3 0 312
3 0 79
1 0 142
2 0 229
1 1 205
1 1 242
1 1 175
2 1 277
1 1 125
1 0 156
2 1 117
2 1 211
1 1 175
2 1 73
2 1 41
1 0 93
1 1 216
2 0 319
3 0 157
1 1 41
2 0 15
3 0 217
1 0 143
3 1 170
1 0 279
2 1 123
1 1 136
3 1 313
2 1 60
2 0 37
3 0 257
1 0 15
2 1 185
1 1 40
2 0 75
1 0 256
3 1 12
2 0 227
2 0 77
1 0 324
3 1 26
3 0 203
2 0 207
3 0 77
3 0 137
1 1 239
1 0 196
1 1 18
2 1 288
2 1 123
2 0 71
2 0 46
1 1 74
3 0 310
3 0 120
2 0 155
3 0 160
2 0 301
2 0 306
1 1 251
3 1 241
2 0 324
3 1 55
3 1 32
2 0 91
3 1 138
1 1 12
1 0 220
1 0 134
1 0 95
3 0 139
1 0 177
3 1 278
3 0 46
3 0 161
3 1 68
1 1 188
3 1 307
1 0 238
3 0 132
2 1 291
1 0 107
3 0 97
1 1 55
1 1 23
3 0 19
1 0 200
3 0 294
1 0 271
1 0 203
1 0 28
2 1 301
3 1 198
1 1 191
2 0 158
3 1 179
1 1 15
2 0 279
1 0 312
2 0 299
3 0 192
1 0 124
1 0 164
1 0 222
3 0 325
2 0 251
1 1 241
1 0 317
3 1 73
3 0 230
2 0 53
3 1 27
2 0 324
2 0 290
1 0 41
2 0 273
2 0 9
2 0 47
2 0 67
1 0 3
2 0 187
1 0 269
1 1 238
2 1 183
1 0 289
1 1 286
2 1 120
1 1 34
3 0 184
1 1 150
1 1 255
3 0 83
1 1 220
2 0 218
2 0 17
2 0 267
3 0 126
2 0 239
3 0 76
2 1 262
2 0 141
3 1 251
2 0 142
2 1 245
1 1 284
2 0 287
1 1 20
3 0 14
1 0 4
1 0 23
2 0 57
1 0 305
3 1 328
1 0 258
2 1 195
1 0 303
2 1 260
1 1 221
3 1 140
3 1 100
1 1 285
1 1 11
3 1 144
3 0 75
2 0 117
1 1 66
1 1 332
2 1 20
2 0 212
2 1 214
3 0 80
2 1 222
2 0 104
3 1 330
3 0 209
2 1 188
3 1 131
3 1 47
3 0 39
1 1 156
2 1 284
3 1 97
1 0 168
2 0 57
1 0 324
1 0 308
3 1 220
3 1 102
1 0 322
2 1 232
2 0 109
1 1 103
1 1 189
1 1 74
2 1 302
3 0 44
3 0 71
3 1 237
1 0 321
1 0 330
2 1 20
1 0 150
1 0 231
3 0 215
3 0 93
1 0 131
1 1 216
1 1 127
1 0 109
2 1 318
2 0 279
1 0 124
3 0 72
3 1 41
1 1 112
2 1 151
3 1 168
3 0 247
2 0 8
3 0 145
3 1 33
2 0 332
2 1 208
1 0 19
2 1 151
2 1 159
1 1 266
1 0 90
2 1 43
3 1 20
2 1 2
3 1 111
2 0 131
1 1 157
1 0 57
1 0 316
2 0 240
1 1 185
2 1 102
3 0 108
2 1 138
3 1 3
3 1 187
2 1 141
1 0 21
1 0 289
1 1 312
2 1 139
2 1 189
1 1 264
3 0 277
1 1 33
2 1 81
2 1 167
2 1 261
2 1 249
1 1 99
1 1 173
2 1 131
2 0 173
3 1 87
2 1 60
1 1 148
2 1 307
1 0 113
3 0 91
1 0 317
3 0 261
3 0 145
1 1 5
2 0 193
1 0 229
3 0 247
1 0 197
3 1 89
1 0 333
2 1 137
3 0 310
1 1 74
1 1 237
1 0 54
2 1 250
2 0 50
2 1 105
3 0 159
3 1 98
3 1 202
2 0 323
1 1 109
2 1 172
2 1 84
1 0 183
2 1 207
2 0 296
1 1 108
2 1 146
1 1 239
3 1 67
3 0 303
2 1 181
1 1 279
1 1 142
1 1 151
2 0 184
1 0 150
1 1 147
3 0 67
2 0 64
1 1 230
1 0 52
1 1 147
3 0 151
1 1 74
1 1 223
3 0 187
3 1 218
1 0 260
1 1 323
3 1 18
3 0 146
1 1 224
3 1 197
2 0 278
2 1 152
3 1 202
2 0 185
3 1 330
1 0 264
3 1 29
3 1 23
3 1 76
1 0 245
3 1 320
1 1 47
2 1 217
2 1 15
2 1 29
2 0 235
1 0 151
2 1 178
3 0 285
2 1 13
3 0 188
2 1 261
2 1 194
2 0 23
3 1 12
3 0 237
2 0 323
2 1 325
1 1 195
2 0 149
1 1 251
3 0 163
2 0 233
1 0 189
2 0 313
2 0 269
1 0 135
3 1 294
2 1 169
1 1 212
2 0 122
1 1 77
3 0 265
2 1 318
2 1 211
3 0 197
2 0 68
2 1 146
3 0 171
2 0 34
2 1 7
2 1 45
1 1 234
1 1 308
3 0 88
2 0 186
1 1 313
3 0 214
1 1 245
2 0 129
2 1 214
1 1 318
3 1 15
3 1 114
1 1 60
2 0 196
2 1 70
1 1 208
1 0 208
3 1 103
2 0 259
1 1 323
1 0 267
2 1 334
3 0 181
2 0 202
1 1 194
1 1 266
2 0 164
1 0 11
3 0 149
3 1 123
3 0 307
1 0 244
2 0 268
2 0 291
3 0 96
1 1 97
1 0 301
3 0 61
3 0 207
2 0 268
3 0 103
3 1 236
2 0 156
3 0 83
1 0 174
1 0 172
3 1 35
2 0 231
1 0 82
1 0 190
2 1 222
1 1 307
3 1 6
2 0 135
1 1 90
1 1 225
2 1 45
3 0 252
2 1 101
1 1 103
1 0 197
2 0 227
2 0 312
3 1 15
2 0 48
2 1 88
2 1 206
1 0 116
2 0 305
1 1 316
1 0 333
2 1 191
1 0 55
2 0 141
3 0 304
3 1 29
2 1 322
3 0 86
3 1 288
2 1 230
3 1 246
1 0 289
1 1 51
3 0 233
1 0 205
3 1 179
2 1 204
2 0 222
1 1 266
2 0 214
2 1 129
3 0 229
2 0 173
3 0 193
2 1 162
1 0 300
2 0 135
1 0 14
3 1 85
3 0 108
2 0 257
2 1 205
2 1 31
1 1 192
3 0 180
3 1 91
3 1 199
3 1 119
3 1 12
3 0 292
1 0 332
3 1 160
3 1 181
1 1 240
3 0 178
2 0 32
3 0 187
1 0 13
3 1 186
3 0 196
2 1 45
2 0 87
2 0 180
1 0 209
1 1 191
2 1 88
3 0 200
2 1 220
2 1 40
2 0 256
2 0 106
3 1 154
1 0 301
3 1 126
1 1 11
3 1 330
1 1 160
1 1 20
3 1 10
3 1 280
3 0 257
2 0 150
3 0 38
3 0 193
1 1 332
2 0 184
3 1 169
3 0 240
3 1 173
1 1 241
1 1 324
3 1 224
3 1 173
1 0 183
2 1 155
3 1 221
3 1 198
2 1 60
2 0 10
1 1 194
3 0 304
3 0 251
1 1 81
3 1 88
1 1 151
2 1 202
1 0 255
3 1 315
1 0 165
1 1 45
1 0 137
1 1 206
3 1 295
3 0 212
1 0 172
1 1 60
3 0 21
2 0 86
2 1 213
3 1 19
3 1 299
1 0 258
1 0 24
3 1 56
1 0 156
3 1 59
2 0 32
1 0 30
3 1 156
1 1 293
2 1 197
1 1 292
2 0 37
1 1 79
1 1 56
2 1 194
1 0 118
3 1 3
3 0 155
1 0 52
3 1 108
3 1 186
1 1 119
1 0 260
1 1 334
2 0 94
2 1 194
1 1 327
1 1 84
1 1 258
3 1 287
2 1 26
2 1 106
1 1 208
1 0 276
1 0 77
1 0 28
2 1 49
1 0 39
3 1 206
1 1 191
3 0 256
3 1 19
2 1 302
2 1 25
3 0 45
3 1 175
2 1 329
1 0 102
2 0 330
2 1 204
1 0 227
2 1 320
2 0 93
1 0 168
2 0 106
2 1 114
1 1 148
2 0 133
2 0 127
3 0 66
2 1 112
1 0 91
2 0 157
1 0 167
1 1 170
1 1 5
2 1 144
1 1 263
1 1 209
1 0 328
1 0 110
1 1 258
3 0 46
2 1 193
1 1 291
2 1 28
2 0 310
3 1 248
2 1 326
3 0 45
2 0 219
1 0 124
1 0 138
2 0 142
1 0 303
1 1 71
3 1 248
2 0 111
1 0 221
3 0 148
2 1 219
2 0 99
2 0 280
3 1 139
2 0 272
2 0 78
1 0 171
1 1 199
2 0 165
2 0 258
1 1 102
3 1 258
1 1 19
3 0 212
3 0 196
3 0 246
3 0 36
3 0 54
3 0 332
1 0 200
2 1 82
3 1 332
3 0 326
3 1 321
3 1 76
1 1 54
1 1 266
1 1 229
2 1 123
1 0 122
3 0 259
2 1 32
2 1 320
2 0 2
3 0 78
1 0 104
2 1 169
2 1 262
3 0 162
2 0 49
1 1 49
2 0 49
1 0 330
2 1 190
3 1 183
1 1 28
2 0 114
3 0 228
1 1 274
2 1 92
1 1 173
1 1 154
2 0 176
3 0 220
3 1 179
1 1 257
3 1 200
1 1 296
3 0 85
3 0 96
1 0 81
2 0 64
3 0 125
3 0 93
2 0 237
2 0 104
1 1 214
2 0 246
2 0 200
1 1 61
1 1 266
2 1 21
1 0 28
3 1 4
3 1 299
3 0 114
1 1 150
2 0 51
1 0 228
2 0 55
1 1 304
1 0 9
1 0 46
2 0 332
1 1 267
1 1 261
3 1 265
3 1 152
2 0 202
3 1 48
3 0 334
2 1 285
2 1 36
1 0 201
1 1 150
3 0 101
2 1 286
2 1 174
2 0 51
3 0 215
3 0 280
3 1 76
3 0 267
1 1 237
2 0 313
1 0 212
1 1 25
1 0 86
2 1 219
3 0 189
2 1 305
1 0 268
1 1 261
1 0 261
1 1 217
1 1 303
3 1 40
2 0 22
2 1 24
1 0 30
3 1 255
1 1 155
1 0 176
1 1 166
3 1 285
3 1 147
3 0 65
1 0 140
3 1 18
2 1 98
1 0 98
3 1 20
3 1 120
2 0 95
